222.558673
226.599036
230.624990
234.636534
238.633669
242.616395
246.584711
250.538618
254.478116
258.403204
262.313883
266.210152
270.092012
273.959463
277.812504
281.651136
285.475359
289.285172
293.080575
296.861570
300.628155
304.380330
308.118096
311.841453
315.550400
319.244938
322.925067
326.590786
330.242096
333.878997
337.501488
341.109569
344.703242
348.282505
351.847358
355.397802
358.933837
362.455462
365.962678
369.455485
372.933882
376.397870
379.847448
383.282617
386.703377
390.109727
393.501668
396.879200
400.242322
403.591034
406.925338
410.245232
413.550716
416.841791
420.118457
423.380714
426.628561
429.861998
433.081026
436.285645
439.475855
442.651655
445.813046
448.960027
452.092599
455.210761
458.314514
461.403858
464.478793
467.539318
470.585433
