309.486535
312.965283
316.426353
319.869745
323.295459
326.703495
330.093852
333.466532
336.821533
340.158856
343.478501
346.780468
350.064757
353.331367
356.580300
359.811554
363.025130
366.221029
369.399248
372.559790
375.702654
378.827839
381.935347
385.025176
388.097327
391.151800
394.188595
397.207712
400.209150
403.192911
406.158993
409.107397
412.038123
414.951171
417.846541
420.724233
423.584246
426.426582
429.251239
432.058218
434.847519
437.619142
440.373087
443.109353
445.827942
448.528852
451.212084
453.877638
456.525514
459.155712
461.768232
464.363073
466.940236
469.499722
472.041529
474.565658
477.072109
479.560881
482.031976
484.485392
486.921131
489.339191
491.739573
494.122277
496.487302
498.834650
501.164319
503.476311
505.770624
508.047259
