<<<<<<< HEAD
255.491957
258.715727
261.923592
265.115552
268.291606
271.451756
274.596001
277.724341
280.836776
283.933306
287.013930
290.078650
293.127465
296.160374
299.177379
302.178478
305.163673
308.132962
311.086347
314.023826
316.945401
319.851070
322.740834
325.614694
328.472648
331.314697
334.140841
336.951080
339.745414
342.523844
345.286368
348.032987
350.763701
353.478509
356.177413
358.860412
361.527506
364.178695
366.813979
369.433357
372.036831
374.624400
377.196063
379.751822
382.291675
384.815624
387.323667
389.815806
392.292039
394.752368
397.196791
399.625309
402.037923
404.434631
406.815434
409.180332
411.529325
413.862413
416.179597
418.480875
420.766248
423.035716
425.289278
427.526936
429.748689
431.954537
434.144480
436.318518
438.476650
440.618878
=======
255.491957
258.715727
261.923592
265.115552
268.291606
271.451756
274.596001
277.724341
280.836776
283.933306
287.013930
290.078650
293.127465
296.160374
299.177379
302.178478
305.163673
308.132962
311.086347
314.023826
316.945401
319.851070
322.740834
325.614694
328.472648
331.314697
334.140841
336.951080
339.745414
342.523844
345.286368
348.032987
350.763701
353.478509
356.177413
358.860412
361.527506
364.178695
366.813979
369.433357
372.036831
374.624400
377.196063
379.751822
382.291675
384.815624
387.323667
389.815806
392.292039
394.752368
397.196791
399.625309
402.037923
404.434631
406.815434
409.180332
411.529325
413.862413
416.179597
418.480875
420.766248
423.035716
425.289278
427.526936
429.748689
431.954537
434.144480
436.318518
438.476650
440.618878
>>>>>>> 6ca7c54300d52d4ec3affc5539f290da4dd3c1a0
