299.985021
302.405555
304.819313
307.226295
309.626500
312.019929
314.406581
316.786457
319.159556
321.525879
323.885426
326.238196
328.584189
330.923407
333.255847
335.581512
337.900400
340.212511
342.517846
344.816405
347.108187
349.393193
351.671422
353.942875
356.207551
358.465451
360.716575
362.960922
365.198492
367.429286
369.653304
371.870546
374.081011
376.284699
378.481611
380.671747
382.855106
385.031689
387.201495
389.364525
391.520778
393.670255
395.812956
397.948880
400.078027
402.200399
404.315993
406.424812
408.526854
410.622119
412.710608
414.792321
416.867257
418.935417
420.996800
423.051407
425.099237
427.140291
429.174569
431.202070
433.222795
435.236743
437.243915
439.244310
441.237929
443.224771
445.204838
447.178127
449.144640
451.104377
