268.574074
272.030309
275.473769
278.904454
282.322363
285.727497
289.119856
292.499440
295.866248
299.220281
302.561539
305.890022
309.205729
312.508661
315.798817
319.076199
322.340805
325.592636
328.831692
332.057972
335.271477
338.472207
341.660162
344.835341
347.997745
351.147374
354.284227
357.408306
360.519609
363.618136
366.703889
369.776866
372.837068
375.884495
378.919146
381.941022
384.950123
387.946449
390.929999
393.900774
396.858774
399.803998
402.736447
405.656121
408.563020
411.457144
414.338492
417.207065
420.062862
422.905885
425.736132
428.553604
431.358300
434.150222
436.929368
439.695738
442.449334
445.190154
447.918199
450.633469
453.335963
456.025683
458.702626
461.366795
464.018188
466.656807
469.282649
471.895717
474.496009
477.083526
479.658268
