6.907526
5.511715
4.033152
3.997947
2.439736
0.457345
1.950230
1.714244
3.950360
5.116640
5.936882
6.666795
8.469947
7.116545
8.090127
10.104003
10.462696
7.965359
9.049526
10.527471
10.810470
7.927176
9.167893
10.226988
10.114873
7.278060
8.497444
9.122270
9.330186
6.264065
7.368218
7.727669
8.126241
5.053691
5.943931
6.027247
6.717250
4.018552
4.495777
4.292385
5.188246
2.243400
2.582541
2.471956
3.975119
0.678124
0.774725
1.011518
3.196190
1.069959
0.921203
0.340638
2.773860
2.753567
1.616344
0.867024
3.246679
3.261057
0.778539
1.387687
3.236997
0.492292
1.294992
3.669802
6.044566
7.723275
9.776122
7.951029
10.324084
12.264312
13.390632
