<<<<<<< HEAD
4.681646
8.661112
6.380687
4.907038
4.173500
1.913404
0.926752
0.813543
0.826223
2.725879
1.818759
2.838196
4.384189
4.323407
2.855847
3.781512
6.033733
4.545844
3.184513
3.683072
5.174854
4.059860
1.871422
2.942875
4.540884
2.798784
0.783242
1.627589
3.465159
1.429286
0.746696
0.203879
2.081011
0.915301
2.051722
1.128253
0.721773
2.434978
3.598505
2.902142
0.812555
4.529745
5.053711
2.917787
2.721973
6.332934
4.484007
3.708521
3.873146
4.711214
5.556059
3.541012
3.332743
1.531250
2.669867
1.348593
0.365904
1.473624
1.507902
3.335403
1.822795
2.103410
2.643915
3.777643
5.637929
7.158104
3.338171
1.244794
0.011307
3.762290
=======
4.681646
8.661112
6.380687
4.907038
4.173500
1.913404
0.926752
0.813543
0.826223
2.725879
1.818759
2.838196
4.384189
4.323407
2.855847
3.781512
6.033733
4.545844
3.184513
3.683072
5.174854
4.059860
1.871422
2.942875
4.540884
2.798784
0.783242
1.627589
3.465159
1.429286
0.746696
0.203879
2.081011
0.915301
2.051722
1.128253
0.721773
2.434978
3.598505
2.902142
0.812555
4.529745
5.053711
2.917787
2.721973
6.332934
4.484007
3.708521
3.873146
4.711214
5.556059
3.541012
3.332743
1.531250
2.669867
1.348593
0.365904
1.473624
1.507902
3.335403
1.822795
2.103410
2.643915
3.777643
5.637929
7.158104
3.338171
1.244794
0.011307
3.762290
>>>>>>> 6ca7c54300d52d4ec3affc5539f290da4dd3c1a0
