7.508043
12.217606
10.276408
8.151115
5.441727
3.614911
2.470666
0.142326
1.570109
2.399973
2.947263
5.011983
7.260798
3.560374
5.644046
6.911811
9.830340
3.532962
5.486347
7.357159
9.945401
2.251070
4.074167
6.348027
7.605981
0.581364
3.007508
4.417747
5.278747
1.209489
0.486368
1.966320
2.697034
2.788158
1.622587
0.672921
0.460839
4.221305
4.652688
4.099976
1.696502
5.042267
7.070604
5.648178
5.108325
4.517709
8.076333
6.717527
5.307961
5.114299
5.869876
4.241358
6.095410
4.832036
3.717899
1.419668
1.204008
0.595746
1.712930
1.147542
2.432915
3.102383
2.422611
1.726936
3.948689
5.487870
6.211147
5.518518
4.076650
1.752211
