8.580132
11.101384
8.640314
6.863588
3.637874
1.696505
3.039481
0.266801
1.754866
4.625523
0.211834
2.780468
5.998090
7.264700
1.513633
4.344887
6.558463
7.621029
1.732581
4.359790
5.902654
7.827839
1.135347
3.691843
4.963994
6.685133
0.121928
2.474379
3.609150
5.259578
1.441007
0.774064
2.171456
3.617838
3.220126
0.409100
0.384246
1.893249
5.282094
2.541782
1.352481
0.180858
7.160246
4.490647
2.238725
1.537815
8.121249
6.255695
3.807819
2.244288
7.765101
6.436927
4.393097
2.833611
7.025138
5.767675
3.394558
3.439119
4.368024
3.381275
1.078869
1.272524
2.539573
3.788944
3.687302
5.901317
6.764319
8.009644
7.037291
5.713926
