6.008577
3.651844
3.286213
0.714784
2.148697
0.610751
1.088744
3.278232
4.756813
5.684537
7.596984
9.013118
9.708426
10.174670
11.912657
13.816327
10.731549
12.513810
13.616268
16.131110
10.772309
12.480141
14.128688
16.411352
9.707640
11.335575
13.375454
14.526464
8.241465
10.450239
11.750114
12.559749
6.590283
8.168085
9.556698
10.254089
5.057559
6.160996
7.066946
8.159693
3.587735
3.135920
3.657618
6.030152
2.657364
0.560665
1.973738
2.492910
3.070535
0.679655
0.699586
2.145656
2.314944
1.469778
3.182343
1.140569
2.477226
3.663863
6.162267
6.389470
8.372561
9.616859
8.998761
10.451111
11.224958
10.477878
9.700420
12.271848
14.077842
14.959586
