6.366152
5.240388
3.318377
2.298979
0.580725
1.236683
2.548856
4.968959
6.429241
5.397498
7.510291
9.060985
11.274653
7.878784
9.880507
12.400111
13.414188
8.914019
11.168697
12.947316
13.822945
9.117853
11.257682
12.531884
14.127992
8.655470
10.785019
11.861896
13.323039
7.817819
9.822864
10.804525
12.236866
6.459449
8.390875
9.621015
10.905518
4.835811
7.347437
8.060687
9.428863
2.861890
5.371703
6.461543
7.545919
0.949754
3.457652
5.584081
6.242621
0.174277
1.611220
3.985912
5.506353
0.033887
1.258232
3.289677
4.846503
0.512085
1.769587
4.202427
4.130481
3.123163
4.139585
6.569309
9.069864
10.434245
11.794456
11.715078
14.142643
15.127603
