7.492593
12.036358
10.592898
8.295546
5.610970
4.939170
2.746811
0.366107
0.666248
2.686948
4.028206
3.756689
3.672396
6.241994
8.198817
4.409532
4.540805
6.659303
9.698359
4.524639
3.538144
6.072207
9.193495
2.702008
2.597745
5.080707
7.617560
1.874973
1.119609
3.284803
6.103889
0.089801
1.229599
1.217828
3.519146
1.658978
2.849877
0.720218
1.463332
3.565893
5.341226
2.796002
1.730220
5.077212
6.170313
5.142856
4.328175
6.259602
6.203805
6.894115
6.263868
6.446396
5.041700
6.516445
7.603965
5.370929
3.017333
5.343179
4.148468
2.433198
2.130704
0.425683
3.035959
4.100128
5.618188
5.990140
8.282649
8.629050
6.362676
5.216859
3.591601
