<<<<<<< HEAD
5.507889
4.647719
2.605954
3.832703
2.788254
1.099273
0.887810
1.376052
3.010619
5.345523
5.572872
7.102173
8.125664
7.931081
7.877779
9.853350
11.369815
8.479117
8.594010
10.251565
12.631772
8.623061
7.861190
9.871490
12.354186
7.228478
7.153713
9.154941
11.209182
6.593219
5.983923
7.757712
10.075201
4.996178
4.048775
6.084832
8.009405
3.674041
2.659374
4.459424
6.315215
2.012844
0.464605
2.653421
3.569378
0.635099
0.348287
0.537459
1.240878
0.501416
0.476507
1.125213
0.581671
0.773955
0.483803
0.892584
1.926585
0.114478
2.278784
0.093708
1.192220
2.788377
3.063107
5.472456
7.944724
8.967069
10.428056
10.808263
13.025820
13.395888
11.252011
=======
5.507889
4.647719
2.605954
3.832703
2.788254
1.099273
0.887810
1.376052
3.010619
5.345523
5.572872
7.102173
8.125664
7.931081
7.877779
9.853350
11.369815
8.479117
8.594010
10.251565
12.631772
8.623061
7.861190
9.871490
12.354186
7.228478
7.153713
9.154941
11.209182
6.593219
5.983923
7.757712
10.075201
4.996178
4.048775
6.084832
8.009405
3.674041
2.659374
4.459424
6.315215
2.012844
0.464605
2.653421
3.569378
0.635099
0.348287
0.537459
1.240878
0.501416
0.476507
1.125213
0.581671
0.773955
0.483803
0.892584
1.926585
0.114478
2.278784
0.093708
1.192220
2.788377
3.063107
5.472456
7.944724
8.967069
10.428056
10.808263
13.025820
13.395888
11.252011
>>>>>>> 6ca7c54300d52d4ec3affc5539f290da4dd3c1a0
