4.980026
3.618243
2.543298
2.757587
1.546399
0.881728
2.449409
3.225664
5.653325
6.713811
6.833578
8.610393
10.675792
9.697017
10.815334
12.513761
12.461055
10.861726
11.891607
14.389562
12.762846
11.264386
11.830941
13.509839
12.277802
9.827112
11.044340
12.862517
10.900562
8.609851
9.579846
11.693168
9.362718
6.849188
7.951060
10.135338
6.643913
5.305603
6.386493
8.565229
4.828050
3.431889
4.251465
6.743176
2.268569
1.616885
4.188313
4.414899
0.007939
2.236679
3.172039
2.954390
1.901771
0.832406
3.320894
3.566382
5.804968
4.371178
6.021836
8.174371
9.571692
9.621170
11.939950
10.034223
10.399739
11.099649
12.563022
14.963838
16.937820
12.044360
