10.974660
14.334297
11.841677
8.696799
4.899664
5.250272
1.748622
0.071951
1.344783
2.469871
5.247216
3.143485
4.625345
7.692796
8.212504
4.384469
6.008692
8.218505
8.613908
4.261570
6.094822
7.646997
7.451429
3.241453
5.017067
5.911605
6.191734
1.724119
3.308763
3.812330
4.368155
0.023764
1.236575
1.349172
2.314025
1.468865
0.799496
1.077871
0.162678
3.877848
3.399451
3.535463
1.485885
5.917383
5.763290
5.423606
2.498332
8.120800
7.891011
6.208966
3.007995
10.154768
8.649284
5.424876
2.348210
10.619286
7.438106
4.671335
2.318974
6.981022
4.724145
1.748345
1.213046
3.293360
5.825932
3.544094
6.447847
8.803858
10.145460
11.272651
8.652100
