304.666667
311.066667
311.200000
312.133333
313.800000
313.933333
315.333333
317.600000
318.333333
318.800000
322.066667
323.400000
324.200000
326.600000
330.400000
331.800000
331.866667
335.666667
339.333333
341.133333
341.933333
345.333333
349.800000
351.000000
351.666667
355.666667
359.933333
361.333333
361.733333
366.000000
370.400000
371.666667
372.000000
377.200000
380.533333
381.800000
382.133333
387.466667
390.800000
392.266667
392.333333
398.200000
400.866667
400.866667
402.800000
408.533333
408.800000
410.133333
412.400000
415.333333
418.266667
418.333333
420.200000
420.466667
423.666667
424.400000
424.733333
425.666667
427.666667
427.866667
431.400000
433.133333
434.600000
435.466667
435.600000
436.066667
441.866667
445.933333
449.133333
454.866667
