<<<<<<< HEAD
233.533333
240.933333
242.466667
243.333333
243.533333
247.866667
248.333333
250.466667
253.133333
255.933333
257.066667
263.066667
265.466667
266.266667
269.600000
277.266667
279.466667
281.066667
284.466667
292.600000
294.533333
296.733333
300.666667
308.600000
310.533333
313.333333
316.733333
324.866667
326.933333
330.066667
333.133333
341.133333
343.466667
346.933333
349.533333
356.866667
359.733333
363.533333
365.800000
373.333333
376.333333
379.933333
381.333333
389.200000
392.466667
395.533333
396.000000
405.000000
408.133333
409.800000
409.933333
420.400000
422.200000
422.266667
422.466667
434.000000
434.066667
434.533333
435.400000
443.266667
444.200000
444.400000
444.600000
445.666667
446.266667
451.666667
451.866667
452.600000
454.333333
456.266667
461.933333
=======
233.533333
240.933333
242.466667
243.333333
243.533333
247.866667
248.333333
250.466667
253.133333
255.933333
257.066667
263.066667
265.466667
266.266667
269.600000
277.266667
279.466667
281.066667
284.466667
292.600000
294.533333
296.733333
300.666667
308.600000
310.533333
313.333333
316.733333
324.866667
326.933333
330.066667
333.133333
341.133333
343.466667
346.933333
349.533333
356.866667
359.733333
363.533333
365.800000
373.333333
376.333333
379.933333
381.333333
389.200000
392.466667
395.533333
396.000000
405.000000
408.133333
409.800000
409.933333
420.400000
422.200000
422.266667
422.466667
434.000000
434.066667
434.533333
435.400000
443.266667
444.200000
444.400000
444.600000
445.666667
446.266667
451.666667
451.866667
452.600000
454.333333
456.266667
461.933333
>>>>>>> 6ca7c54300d52d4ec3affc5539f290da4dd3c1a0
