276.066667
284.066667
286.066667
287.200000
287.933333
290.666667
291.866667
292.133333
295.200000
296.533333
298.533333
302.133333
305.533333
306.266667
307.600000
314.666667
317.800000
318.933333
319.133333
327.533333
331.733333
332.400000
332.466667
342.133333
345.400000
346.066667
346.666667
355.533333
359.400000
360.333333
360.600000
369.866667
374.066667
374.666667
375.400000
383.600000
387.800000
388.666667
389.466667
397.466667
402.200000
402.600000
404.466667
410.733333
414.733333
416.600000
418.666667
423.466667
426.266667
429.800000
432.000000
435.000000
436.400000
440.666667
444.533333
445.066667
445.466667
450.533333
452.066667
453.066667
455.466667
455.600000
455.666667
457.266667
458.400000
460.666667
461.000000
463.266667
468.133333
471.866667
476.066667
