318.066667
324.066667
325.066667
326.733333
326.933333
328.400000
333.133333
333.733333
335.066667
335.533333
343.266667
344.000000
344.066667
346.066667
355.066667
355.466667
356.466667
358.600000
367.666667
368.200000
369.800000
371.000000
380.800000
381.333333
383.133333
384.466667
394.066667
394.733333
396.600000
397.933333
407.600000
408.333333
409.866667
411.333333
421.066667
421.133333
423.200000
424.533333
434.533333
434.600000
436.200000
437.800000
447.533333
447.600000
448.066667
450.066667
459.333333
460.133333
460.333333
461.400000
469.533333
470.800000
471.333333
472.333333
479.066667
480.333333
480.466667
483.000000
486.400000
487.866667
488.000000
488.066667
489.200000
490.333333
492.800000
492.933333
494.400000
495.466667
498.733333
502.333333
