<<<<<<< HEAD
263.000000
270.933333
272.200000
273.266667
273.733333
275.066667
277.066667
277.866667
279.266667
281.533333
284.066667
285.066667
285.866667
292.600000
293.533333
295.266667
295.333333
304.600000
305.600000
306.666667
307.000000
317.600000
318.666667
319.266667
320.866667
330.733333
331.133333
332.533333
334.466667
343.733333
344.800000
346.066667
348.066667
356.266667
357.800000
359.533333
361.066667
368.400000
371.466667
373.533333
373.733333
379.666667
384.266667
385.400000
387.400000
389.333333
395.400000
396.533333
397.600000
399.866667
403.066667
403.866667
408.133333
409.266667
410.533333
410.600000
412.733333
413.266667
414.466667
417.333333
418.333333
419.933333
422.866667
425.800000
425.800000
426.466667
427.933333
430.800000
434.400000
438.866667
=======
263.000000
270.933333
272.200000
273.266667
273.733333
275.066667
277.066667
277.866667
279.266667
281.533333
284.066667
285.066667
285.866667
292.600000
293.533333
295.266667
295.333333
304.600000
305.600000
306.666667
307.000000
317.600000
318.666667
319.266667
320.866667
330.733333
331.133333
332.533333
334.466667
343.733333
344.800000
346.066667
348.066667
356.266667
357.800000
359.533333
361.066667
368.400000
371.466667
373.533333
373.733333
379.666667
384.266667
385.400000
387.400000
389.333333
395.400000
396.533333
397.600000
399.866667
403.066667
403.866667
408.133333
409.266667
410.533333
410.600000
412.733333
413.266667
414.466667
417.333333
418.333333
419.933333
422.866667
425.800000
425.800000
426.466667
427.933333
430.800000
434.400000
438.866667
>>>>>>> 6ca7c54300d52d4ec3affc5539f290da4dd3c1a0
